42687,
42688,
33880,
36502,
42690,
42692,
42697,
33854,
35128,
50865,
50866,
43703,
43707,
59511,
43709,
43712,
42665,
59532,
60997,
61032,
61033,
61034,
61035,
36504,
36505,
61402,
33892,
36520,
36521,
36522,
36523,
36524,
36525,
36526,
36527,
36528,
36529,
36530,
36531,
36532,
55042,
38009,
58041,
46567,
55698,
32756,
60972,
32786,
49173,
49176,
35110,
42693,
59533,
57257,
60998,
42689,
42698,
42699,
43701,
32753,
43702,
61008,
43704,
43705,
61021,
33857,
61036,
61037,
61403,
61404,
61405,
61406,
61417,
61418,
40375,
61419,
32764,
40385,
42309,
42314,
42348,
42349,
42660,
50893,
50895,
59513,
59534,
45436,
47032,
60952,
49177,
49178,
51608,
42685,
60954,
60956,
60957,
60958,
51609,
60959,
60960,
60961,
60973,
60974,
60975,
60976,
42694,
35132,
42695,
51618,
43739,
57258,
38010,
32757,
38011,
50867,
51619,
51640,
52702,
52705,
52706,
52707,
46568,
35112,
39079,
35126,
39080,
32758,
32755,
42668,
47035,
32779,
61024,
61025,
59536,
60962,
38012,
38014,
38016,
33866,
32776,
32778,
33870,
33872,
33879,
40399,
60999,
61009,
33893,
42315,
42318,
42319,
42322,
61038,
35104,
61407,
61420,
61421,
61429,
61430,
61441,
36533,
36534,
36535,
36536,
36537,
36538,
36539,
36540,
36541,
39081,
39082,
36542,
36543,
39084,
39085,
38004,
38008,
38013,
38015,
39092,
38022,
40366,
38046,
38047,
38049,
39051,
39052,
39055,
39056,
39058,
39065,
40395,
40400,
42304,
42307,
42316,
42320,
42323,
42326,
42329,
42331,
49179,
39060,
39083,
50853,
37648,
38005,
38006,
38007,
50870,
39097,
37614,
38045,
38048,
38050,
39053,
39054,
40388,
39057,
42301,
39066,
39069,
42308,
42313,
42317,
42321,
42324,
42325,
42327,
42328,
42330,
42332,
42333,
42334,
42335,
42336,
42337,
42338,
42339,
42340,
42341,
42342,
42343,
42344,
42345,
42346,
42350,
42651,
42652,
42653,
42654,
42655,
42656,
42657,
42658,
42659,
50854,
45450,
42681,
42682,
50872,
50873,
42686,
42696,
50875,
42700,
43706,
43708,
43710,
43711,
43713,
50894,
51641,
51629,
51642,
43720,
43721,
52703,
52704,
45419,
32796,
47036,
50855,
50874,
50898,
50899,
58024,
48409,
48410,
48414,
48425,
48435,
48436,
51630,
51631,
43744,
43745,
51632,
51633,
43749,
43750,
44201,
44202,
44203,
44204,
44205,
44206,
44207,
44208,
44209,
44210,
44213,
44214,
44215,
44216,
44217,
44218,
44219,
44220,
44221,
44222,
44223,
44224,
44225,
44226,
44227,
44228,
44229,
44230,
44231,
44232,
49181,
49182,
44235,
50856,
44237,
50876,
58025,
46552,
46569,
44242,
50882,
44245,
50900,
48411,
44249,
44250,
44451,
44452,
44453,
44454,
44455,
49183,
49184,
49185,
49186,
44462,
44463,
44465,
50857,
50858,
46564,
46570,
55049,
50879,
48412,
48413,
48415,
48416,
48417,
48418,
48427,
48437,
48438,
48439,
48440,
48441,
48442,
50886,
50887,
51601,
51603,
51621,
46571,
51634,
51643,
51644,
52708,
49187,
44464,
44466,
44467,
44468,
44469,
44470,
44471,
44472,
44473,
49190,
44476,
44477,
44478,
44479,
44480,
44481,
44482,
44483,
44484,
44485,
44486,
44487,
44488,
44489,
44490,
44491,
44492,
44493,
44494,
44495,
44496,
44497,
44498,
44499,
44500,
44751,
49188,
44757,
44759,
44766,
49189,
49191,
49192,
50859,
50888,
50889,
51602,
51614,
51622,
51623,
51624,
51625,
51635,
48419,
48428,
48429,
48431,
48443,
48444,
51636,
51637,
51645,
51647,
52709,
55678,
52711,
55679,
55680,
55682,
55685,
52710,
44755,
45431,
58028,
46557,
50860,
50861,
50890,
51604,
51615,
51626,
51638,
48406,
51646,
48430,
48445,
52712,
52713,
52714,
52716,
52717,
55681,
55683,
55684,
55690,
55692,
58050,
59517,
59537,
60963,
56342,
56350,
57259,
61000,
61001,
61002,
61011,
61012,
53920,
44756,
44758,
44760,
44761,
44762,
44763,
44764,
44765,
44767,
44768,
44769,
44770,
44771,
44772,
44773,
44774,
44775,
44776,
44777,
44778,
44779,
44780,
44781,
44782,
44783,
44784,
44785,
44786,
44787,
44788,
44789,
44790,
44791,
44792,
44793,
44794,
44795,
44796,
44797,
44798,
44799,
44800,
44901,
44902,
44903,
44904,
44905,
44906,
44907,
44908,
44909,
44910,
44911,
44912,
44913,
44914,
44915,
44916,
44917,
44918,
58029,
45444,
50862,
50863,
50891,
51605,
51607,
44927,
48407,
48420,
48422,
48424,
48432,
48446,
58030,
50864,
50868,
45445,
46566,
50869,
50871,
50892,
50896,
50897,
51606,
44949,
48408,
51616,
48421,
48423,
48426,
48433,
48434,
51617,
55655,
51639,
51648,
51649,
55686,
52701,
52715,
55689,
60964,
51650,
53921,
53922,
53923,
53924,
53925,
53926,
53929,
58031,
55687,
55688,
55691,
58032,
58033,
59502,
59518,
56343,
59538,
60965,
57260,
60987,
61003,
61013,
61026,
61027,
61039,
61040,
61408,
61422,
61431,
61442,
61443,
58034,
56312,
53943,
56344,
57262,
33887,
55001,
55002,
55003,
55004,
55005,
55006,
55007,
55008,
55009,
55010,
55011,
55012,
55013,
55014,
55015,
55016,
55017,
55018,
55019,
55020,
55021,
55022,
55023,
55024,
55025,
55026,
55027,
55029,
59524,
55694,
59539,
60966,
60988,
60989,
60990,
60991,
61004,
57253,
61005,
61014,
61028,
61029,
61041,
61409,
61423,
61424,
61432,
61433,
61434,
61435,
61436,
61438,
61444,
61445,
61446,
61447,
55028,
59526,
59543,
60967,
60968,
60992,
60993,
61006,
61015,
61016,
61017,
61018,
61030,
61042,
61043,
61410,
61411,
61412,
61413,
61415,
61416,
61425,
61437,
55030,
55031,
55040,
59528,
55037,
59529,
60969,
60970,
60971,
60994,
60995,
60996,
61007,
61019,
61020,
61022,
61023,
61031,
61044,
61045,
61046,
61047,
61048,
61049,
61050,
61401,
61414,
61426,
61427,
61428,
61439,
61440,
