67321,
67321,
25000,
45534,
67321,
67321,
67321,
77434,
75632,
63622-1699,
67321,
67321,
16,
900180,
67321,
NewCity,
67321,
76253,
73710,
02316,
66376,
12476,
22534,
22534,
84034,
12567,
900180,
29758-3204,
95641,
09167,
35588,
76480,
63254-4014,
52870,
95902-5125,
99491,
54243-7443,
61219-6969,
04336,
dd,
70152-6896,
NewCity,
900180,
75044,
10433,
85424,
5067,
456,
456,
25000,
67321,
67321,
1223,
32668,
67321,
67321,
67321,
900180,
67321,
54373,
67321,
67321,
89525,
26934,
66641,
69653,
08028,
14028,
43650,
15641,
01535,
40000,
27640,
dsqfsf,
81243,
87635,
24534,
67321,
67321,
3333,
44354-5859,
95608-9655,
67321,
67321,
11764,
12345,
67321,
456,
456,
34123-8972,
67321,
67321,
30707,
67321,
66627,
60324-8297,
40207,
79335-8485,
25149,
67782,
43730,
69183,
67321,
67321,
73434,
67321,
12520-7439,
31744,
56632,
50803-3983,
10433,
07070,
43388,
45306,
52005-1338,
67321,
67321,
67321,
67321,
4567,
3,
6223656,
34567,
sdf,
10433,
63116,
00380,
45670,
900180,
90981,
61814,
67321,
72010,
22382-7089,
66399,
dfd,
01100,
67800 DC,
81000,
30265,
63123,
62125,
12345,
11134,
95655,
98765,
67321,
67321,
67321,
67321,
51876,
43234,
91226,
86706,
06967,
12798,
09367,
62650,
21613,
61474,
45676,
83241,
88738,
30088-1499,
78492,
60555-2352,
24967-2242,
57968,
63066,
29704,
82215,
29796-1351,
sad,
4545,
06100,
1620,
3434,
324,
81291,
65904-8431,
91739,
77928-3731,
4564,
900180,
021,
54564,
900180,
900180,
900180,
900180,
900180,
900180,
900180,
900180,
83241,
34567,
Joe Joe,
67321,
67321,
67321,
67321,
67321,
67321,
67321,
873,
60000,
42,
10480,
25000,
53950-5282,
51652-0220,
43431-7255,
13532-8344,
22031,
900180,
900180,
900180,
900180,
900180,
8999,
75044,
900180,
02120,
900180,
60000,
67321,
67321,
67321,
67321,
67321,
67321,
67321,
67321,
67321,
67321,
67321,
67321,
67321,
67321,
67321,
67321,
67321,
67321,
67321,
67321,
67321,
67321,
67321,
67321,
67321,
67321,
67321,
67321,
67321,
67321,
67321,
67321,
67321,
67321,
84121,
23442,
00380,
00380,
19717-4170,
61610,
67321,
67321,
32359-8574,
900180,
67321,
67321,
67321,
67321,
67321,
46172-5004,
67321,
23456,
67321,
00380,
8000,
67321,
67321,
67889,
900180,
56789,
76028-6885,
15922-5026,
00920,
02481,
12,
67321,
67321,
67321,
67321,
67321,
67321,
62668-9746,
84709,
900180,
900180,
96200-2544,
67321,
67321,
67321,
67321,
67321,
67321,
67321,
67321,
67321,
67321,
67321,
67321,
67321,
67321,
67321,
67321,
67321,
67321,
67321,
67321,
67321,
67321,
67321,
67321,
67321,
67321,
67321,
67321,
67321,
67321,
67321,
67321,
67321,
67321,
67321,
sdf,
20853-8757,
67321,
900180,
3242,
900180,
900180,
67321,
900180,
67321,
01141,
67321,
67321,
67321,
67321,
67321,
67321,
67321,
67321,
67321,
67321,
67321,
67321,
67321,
67321,
67321,
77423,
59700,
754,
45670,
aaa,
900180,
67321,
67321,
67321,
67321,
67321,
67321,
67321,
67321,
67321,
67321,
67321,
67321,
67321,
71942,
51858-1699,
88783-2046,
23088-1796,
13424-4775,
56789,
67321,
67321,
67321,
67321,
67321,
67321,
67321,
67321,
67321,
67321,
67321,
67321,
67321,
67321,
67321,
67321,
67321,
67321,
67321,
67321,
67321,
67321,
67321,
67321,
67321,
67321,
67321,
67321,
67321,
67321,
67321,
67321,
67321,
67321,
67321,
67321,
67321,
75044,
67321,
67321,
67321,
67321,
67321,
67321,
67321,
67321,
67321,
67321,
74862,
70775-6036,
91397,
51499-9278,
34128,
31120-6275,
15574,
96408-1818,
80516,
67321,
67321,
67321,
67321,
67321,
67321,
67321,
67321,
67321,
67321,
67321,
67321,
67321,
67321,
67321,
67321,
67321,
67321,
67321,
67321,
2244,
900180,
567,
42972-4919,
74015,
32793-7240,
66387,
32581-9473,
98546,
67321,
67321,
67321,
67321,
67321,
67321,
67321,
67321,
67321,
67321,
67321,
67321,
67321,
67321,
67321,
44264,
67321,
67321,
51102,
20121,
75839,
85696,
76259,
24628,
56383,
67321,
67321,
67321,
67321,
67321,
67321,
67321,
67321,
67321,
67321,
67321,
67321,
67321,
67321,
67321,
67321,
67321,
67321,
67321,
67321,
67321,
67321,
67321,
67321,
67321,
67321,
63116,
67321,
67321,
67321,
67321,
67321,
67321,
67321,
67321,
67321,
67321,
67321,
67321,
67321,
67321,
67321,
67321,
67321,
67321,
67321,
67321,
67321,
67321,
67321,
67321,
67321,
67321,
67321,
67321,
67321,
67321,
67321,
67321,
67321,
67321,
67321,
67321,
900180,
900180,
07777-0923,
75301,
60774-3031,
86453,
39962,
4564,
67321,
67321,
67321,
67321,
67321,
67321,
68731,
52910-2595,
03598-5675,
900180,
900180,
54696-7526,
32859,
29997,
21633,
20443-5845,
62871,
11220 ,
67321,
51833-7945,
67321,
67321,
67321,
67321,
67321,
48700,
s,
67321,
67321,
67321,
67321,
67321,
67321,
67321,
68987,
67321,
67321,
67321,
67321,
67321,
67321,
67321,
75044,
83241,
67321,
67321,
67321,
83241,
83241,
76252,
56473,
674,
67321,
71021,
54547,
67321,
70511,
18473,
02958,
64690,
54976,
34108,
80024,
16077,
76870,
85877,
35057,
59764,
03512,
58814,
83241,
87721,
31145,
61118,
01174,
66102,
59282,
51807,
900180,
15605,
39140,
84530,
00381,
71185,
81456,
3424,
3066,
11764,
81243,
NewCity,
83241,
54321,
55555,
15666,
900180,
900180,
900180,
67321,
67321,
67321,
67321,
67321,
67321,
67321,
67321,
67321,
67321,
67321,
67321,
67321,
67321,
67321,
67321,
67321,
67321,
67321,
67321,
67321,
67321,
67321,
67321,
67321,
67321,
23693,
16732-6717,
40341,
67321,
67321,
79202,
66712,
07093,
23232,
76274,
73254,
85160,
12409,
22266,
65374,
04319,
65521,
58378,
74055,
11508,
73537,
08519,
24396,
48371,
99763,
84677,
68446,
72465,
70540,
74441,
82786,
37022,
78010,
08233,
05193,
83241,
43764,
67321,
67321,
81613-7124,
28877,
62526-1710,
82244,
27390,
84615,
47086,
88627,
24900,
27653,
05399,
51438,
35211,
40869,
63052,
34383,
25110,
87221,
75766,
2013,
87568,
62912,
05764,
11485,
37577,
10815,
44491,
11565,
30941,
83241,
37885,
55213,
05481,
31155,
42004,
20263,
01232,
45208,
28677,
04165,
900180,
04768,
33276,
67321,
83241,
15600,
67321,
1,
67321,
87830,
78031,
06217,
25751,
21282,
44702,
09486,
34408,
48739,
14978,
02137,
39420,
07368,
18044,
98556,
84393,
70988,
28363,
08571,
40218,
23408,
05262,
70114,
65912,
05366,
78783,
03193,
72137,
11384,
01788,
111111,
38071,
02909-4324,
9242,
99297,
2345678765,
03351-0751,
03137-3518,
69586,
55097-9016,
33194-4593,
31163,
08340,
46930-6203,
60521-6401,
81643,
61924,
20670-7308,
54061,
